0.375
0.442
0.456
0.468
0.467
0.457
0.456
0.456
0.399
0.463
0.460
0.480
0.396
0.409
0.351
0.393
0.403
0.386
0.396
0.393
0.395
0.386
0.480
0.577
0.395
0.459
0.390
0.559
0.562
0.465
0.392
0.457
0.394
0.465
0.396
0.477
0.398
0.381
0.396
0.400
0.399
0.401
0.405
0.333
0.342
0.346
0.465
0.327
0.547
0.553
0.559
0.394
0.401
0.562
0.566
0.396
0.400
0.397
0.388
0.560
0.481
0.467
0.399
0.504
0.559
0.562
0.397
0.562
0.400
0.460
0.398
0.562
0.391
0.464
0.393
0.372
0.401
0.451
0.465
0.398
0.392
0.462
0.477
0.465
0.474
0.474
0.395
0.413
0.397
0.457
0.388
0.577
0.397
0.478
0.465
0.479
0.550
0.457
0.398
0.561
0.409
0.398
0.399
0.565
0.398
0.390
0.305
0.449
0.386
0.386
0.397
0.395
0.415
0.397
0.393
0.389
0.394
0.472
0.400
0.398
0.457
0.395
0.456
0.460
0.535
0.559
0.453
0.400
0.561
0.457
0.389
0.559
0.396
0.560
0.476
0.485
0.479
0.393
0.325
0.382
0.469
0.393
0.404
0.556
0.399
0.549
0.474
0.448
0.465
0.411
0.456
0.403
0.403
0.458
0.401
0.403
0.399
0.559
0.560
0.479
0.406
0.462
0.456
0.394
0.393
0.398
0.398
0.563
0.460
0.318
0.372
0.385
0.449
0.453
0.388
0.407
0.556
0.404
0.407
0.481
0.484
0.403
0.402
0.398
0.400
0.559
0.479
0.561
0.367
0.564
0.446
0.455
0.400
0.490
0.399
0.459
0.399
0.391
0.480
0.493
0.381
0.564
0.387
0.397
0.403
0.556
0.399
0.399
0.392
0.484
0.561
0.398
0.363
0.402
0.372
0.391
0.400
0.371
0.504
0.461
0.426
0.367
0.563
0.403
0.564
0.463
0.422
0.450
0.408
0.370
0.375
0.560
0.341
0.550
0.381
0.385
0.556
0.387
0.400
0.462
0.362
0.561
0.389
0.477
0.395
0.553
0.460
0.450
0.401
0.366
0.398
0.386
0.394
0.451
0.456
0.398
0.392
0.406
0.439
0.458
0.390
0.389
0.458
0.378
0.450
0.450
0.386
0.523
0.409
0.400
0.399
0.390
0.406
0.459
0.453
0.455
0.364
0.400
0.559
0.390
0.396
0.397
0.370
0.419
0.563
0.414
0.363
0.414
0.396
0.457
0.360
0.407
0.394
0.405
0.396
0.336
0.339
0.399
0.391
0.488
0.356
0.361
0.418
0.477
0.479
0.591
0.491
0.605
0.651
0.575
0.711
0.684
0.585
0.681
0.598
0.507
0.509
0.503
0.631
0.514
0.529
0.572
0.394
0.395
0.393
0.560
0.386
0.351
0.386
0.392
0.377
0.410
0.405
0.394
0.557
0.392
0.409
0.558
0.387
0.413
0.565
0.399
0.383
0.396
0.446
0.492
0.561
0.435
0.547
0.486
0.523
0.549
0.531
0.514
0.373
0.564
0.376
0.563
0.489
0.553
0.376
0.394
0.393
0.568
0.454
0.360
0.405
0.372
0.402
0.458
0.409
0.372
0.362
0.371
0.502
0.561
0.450
0.462
0.360
0.562
0.556
0.359
0.389
0.413
0.365
0.396
0.563
0.559
0.367
0.379
0.465
0.384
0.398
0.446
0.377
0.554
0.404
0.390
0.456
0.389
0.394
0.398
0.457
0.483
0.397
0.395
0.405
0.408
0.470
0.397
0.394
0.456
0.393
0.409
0.405
0.482
0.522
0.398
0.406
0.391
0.395
0.332
0.352
0.401
0.396
0.415
0.543
0.456
0.457
0.388
0.390
0.564
0.406
0.563
0.559
0.406
0.395
0.564
0.389
0.386
0.365
0.401
0.371
0.391
0.563
0.407
0.460
0.389
0.390
0.409
0.389
0.459
0.403
0.337
0.358
0.337
0.394
0.556
0.455
0.561
0.389
0.403
0.363
0.389
0.355
0.561
0.564
0.392
0.385
0.390
0.561
0.563
0.558
0.563
0.561
0.389
0.397
0.392
0.368
0.460
0.411
0.631
0.451
0.392
0.458
0.315
0.340
0.400
0.478
0.402
0.483
0.456
0.397
0.407
0.407
0.388
0.406
0.392
0.560
0.387
0.394
0.404
0.336
0.363
0.542
0.545
0.390
0.404
0.559
0.389
0.410
0.561
0.561
0.389
0.400
0.379
0.350
0.390
0.400
0.452
0.562
0.390
0.389
0.391
0.403
0.349
0.365
0.414
0.391
0.562
0.391
0.406
0.395
0.561
0.390
0.392
0.559
0.453
0.390
0.387
0.455
0.390
0.403
0.461
0.427
0.543
0.305
0.381
0.401
0.483
0.373
0.408
0.562
0.390
0.388
0.461
0.449
0.560
0.562
0.562
0.390
0.389
0.407
0.456
0.390
0.389
0.506
0.391
0.396
0.559
0.558
0.389
0.409
0.406
0.404
0.391
0.559
0.409
0.388
0.391
0.390
0.401
0.560
0.560
0.464
0.454
0.388
0.400
0.405
0.409
0.532
0.390
0.387
0.409
0.556
0.552
0.567
0.399
0.560
0.564
0.390
0.482
0.389
0.391
0.409
0.562
0.560
0.517
0.519
0.323
0.420
0.399
0.463
0.400
0.448
0.407
0.392
0.410
0.408
0.393
0.395
0.406
0.398
0.401
0.518
0.496
0.390
0.428
0.421
0.433
0.592
0.590
0.434
0.490
0.485
0.606
0.579
0.686
0.597
0.630
0.491
0.548
0.517
0.507
0.440
0.480
0.411
0.410
0.402
0.398
0.557
0.409
0.553
0.408
0.407
0.514
0.406
0.562
0.403
0.398
0.561
0.407
0.394
0.409
0.373
0.393
0.404
0.411
0.437
0.402
0.549
0.401
0.396
0.381
0.358
0.555
0.401
0.393
0.407
0.389
0.390
0.370
0.368
0.392
0.414
0.394
0.392
0.393
0.401
0.561
0.376
0.412
0.393
0.392
0.392
0.394
0.394
0.390
0.401
0.556
0.561
0.554
0.324
0.385
0.394
0.392
0.396
0.483
0.445
0.446
0.379
0.391
0.379
0.405
0.559
0.555
0.399
0.408
0.394
0.396
0.551
0.394
0.399
0.387
0.398
0.448
0.430
0.391
0.460
0.393
0.530
0.400
0.473
0.402
0.364
0.352
0.356
0.407
0.408
0.392
0.395
0.410
0.478
0.405
0.386
0.391
0.422
0.392
0.400
0.465
0.389
0.394
0.389
0.391
0.398
0.562
0.393
0.562
0.450
0.391
0.398
0.408
0.401
0.395
0.379
0.322
0.384
0.387
0.394
0.387
0.412
0.383
0.403
0.393
0.391
0.405
0.406
0.561
0.411
0.453
0.398
0.404
0.401
0.562
0.560
0.429
0.564
0.393
0.393
0.410
0.465
0.406
0.402
0.408
0.400
0.411
0.389
0.403
0.383
0.386
0.400
0.398
0.408
0.555
0.391
0.407
0.394
0.391
0.485
0.402
0.399
0.393
0.395
0.561
0.402
0.407
0.391
0.389
0.396
0.556
0.408
0.409
0.363
0.467
0.394
0.409
0.398
0.392
0.339
0.382
0.358
0.384
0.534
0.508
0.497
0.395
0.388
0.393
0.408
0.393
0.394
0.393
0.446
0.404
0.396
0.402
0.547
0.563
0.386
0.555
0.459
0.564
0.394
0.561
0.395
0.393
0.559
0.563
0.413
0.391
0.399
0.403
0.382
0.410
0.404
0.556
0.397
0.396
0.410
0.564
0.377
0.562
0.454
0.392
0.413
0.407
0.388
0.394
0.408
0.391
0.395
0.405
0.398
0.401
0.390
0.394
0.394
0.420
0.407
0.561
0.384
0.325
0.436
0.415
0.396
0.553
0.407
0.562
0.399
0.397
0.413
0.402
0.405
0.400
0.414
0.418
0.359
0.563
0.364
0.452
0.484
0.564
0.477
0.392
0.397
0.401
0.422
0.561
0.400
0.565
0.554
0.399
0.566
0.355
0.366
0.406
0.441
0.465
0.413
0.553
0.409
0.415
0.433
0.408
0.411
0.483
0.466
0.405
0.435
0.426
0.431
0.401
0.559
0.560
0.565
0.395
0.413
0.383
0.560
0.561
0.406
0.392
0.464
0.418
0.340
0.417
0.412
0.414
0.430
0.390
0.500
0.485
0.608
0.521
0.665
0.664
0.498
0.565
0.496
0.562
0.431
0.517
0.605
0.614
0.472
0.509
0.482
0.413
0.392
0.411
0.526
0.566
0.560
0.412
0.564
0.392
0.345
0.328
0.371
0.411
0.417
0.413
0.421
0.419
0.418
0.414
0.413
0.563
0.400
0.561
